2
10 9
1 1 1 1 1 1 1 1 1
7 2 43474 67325 77
4 1 73016 73018 5
6 5 40753 40757 10
5 8 9389 39993 86
2 6 29306 29308 7
2 3 11156 11157 8
1 8 18727 81863 67
8 7 14069 14073 3
9 1 62019 62021 9
2 5 12487 24231 56
15 8
19 30 52 39 91 29 9 25
3 6 28327 37367 55
7 5 80222 80224 4
3 1 17740 17742 3
6 8 38667 65763 84
7 5 30385 30388 8
2 8 49076 49077 3
7 4 18012 34655 85
7 3 68627 68630 4
4 1 92659 92661 5
8 3 540 99660 96
3 7 96628 96630 2
8 7 87189 87193 9
6 5 10377 13093 68
1 2 6721 6725 4
7 4 93181 93184 9


2
3 2
1 0
2 1 60 90 7 
1 2 0 90 10
1 2 30 60 5
6 2
1 2
1 2 0 30 1
2 1 0 60 1
1 2 0 60 1
1 2 60 90 1
2 1 0 30 1
2 1 30 90 1