5
2
6 3 4 1
2 1 7 1
2 2
2
4 2 2 1
3 1 2 2
1 0
3
4 1 1 3 1 2
1 1 1 2 2 4
3 1 2 1
10
160 11 156 8 161 5 148 9 137 8 150 8 145 10 151 9 153 8 150 9
136 10 142 11 138 12 162 8 146 9 160 11 150 8 152 8 137 9 151 11
181 1 187 7 188 5 178 6 183 3 175 3 189 4 172 4 184 5
50
168 10 138 10 210 6 130 8 136 6 120 7 247 11 112 12 108 12 116 9 252 13 131 11 120 13 131 7 128 10 184 11 141 8 123 5 134 10 270 10 123 7 122 11 122 9 137 8 167 5 153 8 134 12 138 9 144 11 287 9 126 12 135 11 135 7 198 10 140 7 139 8 142 9 147 11 247 8 133 9 150 9 142 9 137 10 151 10 247 13 130 7 115 9 114 9 150 14 156 7
139 11 160 11 81 13 174 15 160 16 178 9 47 14 176 8 176 9 183 11 42 9 175 6 169 9 178 8 166 7 90 14 179 10 175 13 161 8 139 7 159 8 170 7 144 5 135 10 84 7 165 11 161 7 168 12 158 8 135 10 183 10 170 11 174 9 115 12 176 13 163 8 157 10 157 12 88 10 178 9 169 10 171 13 158 13 146 9 58 9 167 5 157 9 151 12 148 12 150 13
188 7 180 3 179 1 186 2 185 3 178 2 193 4 183 6 188 2 184 3 186 3 177 3 181 2 171 4 181 1 167 3 176 3 184 2 181 6 175 3 180 5 178 3 184 4 171 2 185 7 183 5 167 6 171 3 190 4 179 6 182 7 180 5 181 5 178 4 187 4 192 5 180 5 179 4 175 1 187 2 178 3 173 4 169 3 184 5 173 2 190 5 169 5 182 5 177 4

