1
219 2 569
4 10 10 9 7 3 7 4 6 2 8 10 2 8 9 8 8 10 5 8 1 6 4 3 10 2 5 4 3 7 6 1 6 1 5 4 7 6 3 9 7 3 5 2 10 2 8 10 1 2 3 4 2 6 2 1 5 10 7 10 6 6 6 1 7 4 4 8 10 2 2 6 9 3 10 10 4 7 4 3 3 2 7 8 2 8 4 8 1 10 4 7 5 6 5 3 7 7 10 10 6 9 5 10 1 9 1 6 7 5 1 9 5 10 1 6 5 4 4 4 7 9 5 3 1 8 5 4 3 9 6 8 8 8 6 7 6 5 1 9 5 8 8 5 10 1 6 4 4 8 7 5 10 4 3 7 10 2 6 2 8 8 6 2 6 4 4 7 1 2 6 9 8 10 1 10 1 9 10 7 5 10 5 8 8 8 6 1 9 5 4 3 5 4 9 1 2 8 9 6 8 7 5 7 4 4 1 5 2 5 2 5 2 10 10 4 6 1 9


11 2 4
3 1 1 2 2 5 2 1 1 2 2
6 2 3
3 1 1 1 1 2


9623 1 47132
6 10 5 4 7 8 4 10 8 5 7 1 4 9 2 4 1 1 1 10 10 10 2 7 8 10 8 9 5 7 3 8 8 10 2 5 4 2 5 6 2 8 7 7 4 6 7 10 6 7 9 10 9 1 3 9 4 10 3 7 7 6 6 1 3 5 10 1 6 4 1 7 5 1 4 9 7 1 4 6 5 5 5 7 7 6 4 5 4 7 6 6 1 1 6 4 3 2 7 3 1 10 3 7 1 2 3 9 8 8 8 5 8 3 3 6 1 9 3 7 8 1 7 3 7 10 6 9 6 3 3 9 8 1 5 2 4 6 10 7 7 10 4 8 6 5 6 8 10 8 3 10 10 3 4 10 8 9 9 6 2 7 5 1 1 9 7 8 4 3 4 5 8 8 4 8 5 5 8 7 10 2 5 5 8 10 3 10 4 6 6 6 7 4 7 10 5 6 3 3 10 4 6 10 1 6 1 4 1 2 9 8 10 7 7 1 7 8 7 2 4 1 5 5 5 6 8 3 9 2 1 10 10 5 9 8 5 9 6 4 9 6 2 8 10 5 4 5 10 10 6 1 6 8 1 6 3 3 2 4 7 10 6 7 7 3 2 5 10 9 9 7 8 7 9 2 9 4 3 7 10 9 9 4 10 3 5 10 5 10 4 10 5 5 5 9 2 9 5 2 3 10 7 8 10 2 7 2 4 5 4 10 10 3 2 3 10 6 6 6 1 1 4 1 1 6 8 3 3 2 1 7 9 8 9 4 2 4 4 3 10 4 4 3 10 3 9 5 7 6 8 3 3 1 8 4 3 4 4 1 10 7 1 9 6 9 3 10 7 6 8 7 8 2 2 5 5 4 8 1 1 10 7 7 8 4 5 2 6 4 10 6 6 10 9 3 3 1 5 4 3 4 8 5 5 5 5 9 3 1 7 5 3 1 9 1 8 1 2 1 5 5 8 7 7 5 8 7 1 9 1 1 10 3 7 6 8 7 3 8 9 10 6 2 1 8 9 4 6 1 1 4 2 7 8 3 10 5 8 2 7 1 1 3 10 10 8 2 8 4 4 10 3 8 1 9 4 3 8 4 10 10 1 9 2 9 9 2 10 3 2 4 8 6 3 6 3 3 1 3 3 4 7 7 2 4 5 1 6 10 10 3 2 6 4 7 1 3 9 4 2 4 8 1 8 1 2 3 10 9 5 3 8 8 3 8 9 7 5 10 8 3 7 9 4 8 9 9 7 1 9 3 10 8 10 8 7 9 10 3 2 5 9 3 1 7 6 9 10 5 2 4 4 3 3 7 5 7 9 1 5 1 10 2 2 4 1 7 7 7 9 10 5 7 10 8 8 3 8 2 6 6 9 2 10 10 5 9 1 5 9 8 3 9 3 6 10 7 8 2 8 10 9 5 3 10 10 9 3 9 1 2 3 8 3 10 6 8 1 6 5 7 3 1 9 2 5 3 3 6 8 10 5 8 10 3 5 5 4 1 5 9 3 9 1 7 6 2 5 9 5 9 10 1 8 4 5 1 7 5 3 3 2 7 8 3 2 5 6 5 9 10 4 1 5 7 3 6 7 6 2 3 2 2 9 9 10 8 1 7 8 10 1 7 1 10 6 3 6 9 10 10 9 9 10 10 6 8 9 2 5 7 3 4 3 1 8 4 9 7 8 1 2 6 1 8 3 1 4 3 1 1 1 3 8 8 1 7 6 5 5 9 2 10 9 9 3 10 7 1 4 10 10 8 7 5 2 10 4 7 6 9 9 8 6 8 9 6 3 3 5 6 6 10 3 5 7 7 10 3 1 6 4 2 4 3 7 3 8 10 8 2 9 10 4 8 2 3 4 8 7 10 10 7 6 9 4 1 2 8 3 4 5 2 3 9 7 8 10 5 1 6 9 7 9 7 1 8 4 5 1 5 2 6 10 7 1 10 5 2 1 3 6 5 10 5 1 10 8 3 3 5 4 6 1 7 5 1 4 10 1 10 3 5 7 8 8 9 10 2 9 8 8 10 10 9 6 6 3 6 3 5 5 3 6 5 4 7 10 7 8 1 10 7 4 8 5 7 3 3 2 4 5 8 1 7 9 7 5 2 10 6 1 7 5 2 4 10 5 10 1 5 8 10 7 8 3 9 1 7 4 2 10 1 4 4 3 9 2 2 6 8 4 8 10 5 4 9 9 6 1 10 3 7 10 2 3 3 3 3 9 5 2 1 4 4 3 6 3 10 4 7 8 1 2 10 8 8 8 7 3 3 3 5 6 9 6 4 8 3 10 2 9 4 10 9 6 5 9 2 5 1 6 4 5 4 4 8 10 4 2 4 6 8 4 6 1 8 6 6 8 10 1 8 9 6 1 3 4 1 10 9 10 6 4 7 1 4 6 8 9 1 5 9 10 9 10 4 4 2 3 8 6 8 6 5 4 2 6 2 2 6 6 8 8 4 4 6 2 4 3 9 5 9 6 2 10 7 1 3 5 10 1 10 5 9 10 4 10 2 4 9 6 4 10 9 5 6 6 3 8 7 1 2 9 1 8 7 4 8 9 2 9 4 5 10 6 6 1 2 4 10 8 4 2 4 8 2 3 1 4 2 6 2 4 1 3 6 2 6 9 5 6 8 5 6 10 10 5 5 3 5 3 4 1 2 2 3 3 9 3 7 3 4 1 10 7 10 8 6 10 2 6 5 4 6 8 8 10 10 2 7 10 5 9 6 2 5 4 4 9 1 5 3 4 8 2 3 4 8 1 2 3 9 7 5 3 10 6 1 6 5 2 6 6 10 4 9 4 1 1 1 10 3 2 2 5 6 2 6 9 5 9 4 7 2 6 10 1 6 8 9 4 10 6 3 7 9 6 3 2 3 8 1 2 2 7 1 4 3 8 10 8 3 9 7 4 10 9 8 2 1 8 6 2 3 6 1 2 6 5 1 2 8 5 1 3 5 6 7 6 3 6 5 6 2 4 5 8 2 2 5 8 5 8 9 10 1 1 10 9 9 5 5 1 8 10 10 3 4 3 7 1 5 5 7 3 2 9 8 5 3 5 2 6 9 8 4 3 9 4 2 1 1 4 8 4 4 9 3 7 1 4 6 1 1 6 10 2 6 3 7 1 3 3 8 3 9 1 5 2 5 2 7 3 5 6 4 1 3 3 10 8 8 2 3 8 6 8 10 9 8 1 8 7 2 8 4 9 6 3 1 7 1 9 9 10 7 2 1 4 7 5 7 2 1 3 6 3 9 10 3 2 10 5 8 4 9 9 10 5 7 8 10 8 1 6 2 10 6 7 4 6 1 4 8 3 6 1 4 9 5 4 1 5 2 9 8 5 5 10 6 7 6 7 4 4 6 5 10 5 5 7 3 8 7 8 2 6 5 5 5 6 10 7 5 7 9 10 8 6 1 2 9 2 4 7 6 9 10 7 6 3 6 3 5 4 6 1 3 10 2 5 9 7 1 1 6 8 9 2 2 5 2 6 8 9 9 5 5 5 9 10 2 4 10 7 4 8 6 7 2 3 1 7 9 9 8 10 4 2 7 8 5 5 6 1 6 2 6 4 8 5 10 6 5 10 1 9 7 3 2 6 8 2 7 10 8 1 9 6 1 10 2 8 5 2 4 6 4 2 10 5 3 1 2 5 5 3 7 8 3 10 8 1 5 3 9 6 10 2 8 3 1 7 10 9 5 6 10 1 8 9 2 10 5 8 1 7 10 9 2 3 9 3 4 6 8 4 10 2 10 6 7 6 5 3 5 4 7 1 2 6 7 2 1 3 10 2 2 2 1 5 1 8 5 10 10 7 8 4 3 6 10 7 6 1 2 1 3 8 8 6 3 3 2 1 4 6 9 8 10 1 8 10 7 7 7 6 7 10 5 3 8 7 1 9 4 4 7 8 5 3 10 1 1 1 5 5 2 2 7 5 8 4 9 5 4 6 1 2 8 2 10 2 3 9 7 7 1 7 8 6 1 3 2 2 9 10 2 9 8 10 10 5 9 8 8 1 5 3 2 7 7 5 10 7 1 7 3 6 6 9 5 8 7 7 9 2 9 3 4 9 7 7 5 3 4 3 2 1 10 3 10 1 9 8 10 6 9 9 4 6 10 9 4 9 4 5 7 9 9 5 6 5 7 3 9 5 4 9 3 4 7 5 4 5 10 7 7 9 9 10 5 2 10 1 8 7 10 3 3 10 1 3 10 9 2 9 4 2 8 5 8 2 6 8 9 2 5 10 5 2 5 8 4 6 7 1 8 5 5 8 9 8 8 3 8 3 3 3 9 4 8 3 1 5 5 7 10 3 4 3 7 9 5 9 7 4 7 5 7 5 4 10 3 7 4 3 3 10 8 2 10 2 8 6 8 4 3 6 5 3 3 10 5 6 5 5 2 9 2 4 6 1 6 6 8 4 3 7 6 8 10 6 8 5 9 2 4 7 10 8 4 6 3 5 3 2 5 3 6 2 9 4 2 7 6 3 7 10 3 9 10 1 6 7 10 5 1 10 2 5 10 9 1 9 5 10 6 3 6 3 6 6 6 2 4 3 9 2 2 7 2 4 6 8 4 1 10 5 10 8 9 6 7 2 4 4 5 8 2 2 7 6 8 5 3 1 6 9 8 5 5 1 8 8 3 6 8 10 9 3 9 1 4 3 1 7 3 8 6 1 6 10 7 9 3 4 2 8 1 1 1 9 4 9 4 10 1 7 8 5 10 3 3 2 4 6 2 7 7 7 6 3 5 8 5 1 8 9 3 3 2 9 1 4 7 9 4 10 5 5 10 7 6 3 4 5 3 5 7 8 8 6 8 1 1 1 6 9 5 6 9 3 8 7 10 4 3 7 7 9 9 9 4 5 3 8 9 4 8 2 4 6 8 3 6 7 5 4 5 7 2 8 10 7 6 2 6 5 6 3 4 6 4 8 2 8 7 4 3 4 10 9 7 4 3 2 1 3 10 1 5 6 6 7 4 6 1 3 6 3 7 4 3 6 3 3 8 5 3 4 1 3 5 2 3 6 8 4 8 1 2 6 8 10 10 9 10 3 10 8 1 3 2 8 10 1 7 7 8 7 10 2 4 3 10 2 1 3 10 6 5 7 5 3 3 8 8 9 8 5 6 4 4 10 1 5 3 5 7 5 1 5 8 10 1 4 4 10 2 2 1 2 5 7 10 1 8 10 2 6 6 1 9 7 5 10 2 8 7 4 2 2 8 8 2 2 6 8 9 6 3 3 8 4 7 2 6 1 6 2 5 5 6 4 7 7 1 7 6 4 7 4 9 5 9 5 9 2 10 9 6 1 1 8 10 8 10 1 6 9 1 5 6 5 2 7 8 6 6 4 6 9 5 2 7 3 8 3 7 6 3 5 6 3 7 4 4 9 5 2 4 2 10 1 10 1 8 10 8 5 7 9 5 1 9 10 6 6 7 3 3 7 3 3 7 10 1 8 5 5 1 5 10 6 9 9 9 2 9 10 7 10 1 1 7 2 1 3 9 2 10 8 7 7 6 4 8 1 7 7 9 4 4 4 9 9 1 6 10 2 9 10 5 4 9 2 2 9 9 3 3 9 4 10 3 3 5 6 3 8 4 9 7 5 2 4 8 6 10 2 10 5 9 8 10 7 3 7 6 9 1 4 4 6 2 2 4 10 6 10 2 10 7 1 10 6 5 1 9 10 9 9 7 10 8 7 6 1 5 9 2 7 2 6 7 9 6 6 8 5 2 10 6 6 2 1 1 3 5 7 2 2 7 1 3 4 4 4 10 10 5 1 5 6 5 7 6 3 6 4 2 3 10 4 8 8 2 1 10 6 7 9 4 10 7 5 8 3 10 8 3 7 9 2 10 6 6 7 3 5 8 8 1 7 8 9 9 1 7 2 5 2 5 3 10 5 8 1 5 6 6 10 3 1 4 2 6 6 9 4 4 5 8 5 7 1 3 10 9 7 6 5 6 8 3 6 1 9 5 4 5 7 1 1 2 4 10 5 1 9 2 9 1 3 4 4 2 7 2 3 7 4 1 8 10 9 4 10 6 3 3 8 10 5 9 1 6 3 10 8 4 7 1 2 10 6 9 8 5 8 9 8 8 3 6 9 8 4 2 1 8 5 10 2 9 3 8 2 8 3 7 6 4 1 10 2 5 5 4 8 5 8 3 6 4 8 5 8 6 3 8 3 5 1 8 2 3 6 9 9 1 7 2 7 8 10 3 1 7 3 3 5 2 4 5 3 8 1 9 6 9 9 10 6 2 10 3 3 7 5 6 4 5 3 10 6 8 2 7 7 5 5 7 6 8 4 10 3 7 1 2 7 1 5 8 3 1 8 6 1 8 2 7 6 1 9 2 7 4 7 2 9 7 7 10 3 10 6 5 9 3 2 10 7 5 8 6 6 9 5 8 9 10 7 2 2 1 9 10 8 9 2 1 1 7 10 2 9 4 5 9 3 9 8 5 10 10 3 6 3 7 7 9 7 8 3 2 3 6 9 3 6 10 7 3 3 9 9 10 9 2 1 6 10 5 1 9 10 5 9 1 9 10 3 2 9 10 9 5 7 5 8 1 6 4 8 4 1 8 6 8 10 8 2 8 7 9 4 5 1 9 2 3 1 1 9 1 8 10 5 6 4 5 5 3 4 7 10 8 2 9 3 6 4 6 6 5 7 1 7 3 7 3 10 5 10 4 6 2 4 2 3 8 7 7 7 2 4 5 3 2 3 8 10 2 5 4 3 7 3 1 4 2 7 2 9 3 10 9 7 1 8 1 9 5 2 5 5 4 7 7 8 9 2 7 6 9 8 1 6 10 6 1 9 5 10 2 6 1 5 7 2 10 2 6 7 7 8 1 4 10 7 8 7 7 5 10 10 9 5 2 9 7 8 8 9 5 3 5 6 7 6 9 5 3 1 2 8 10 4 7 9 1 1 10 4 8 8 10 10 2 3 8 4 10 8 3 8 5 3 1 2 9 5 7 2 4 3 4 5 6 6 1 6 6 4 1 7 6 6 1 10 1 1 6 1 3 2 7 7 1 1 9 4 4 7 6 4 2 6 2 6 8 2 6 3 1 6 2 10 8 8 9 4 7 10 10 10 7 10 9 9 7 1 5 4 9 1 2 9 4 10 5 6 9 3 8 4 1 9 9 5 10 3 2 5 7 10 5 3 9 1 1 9 7 3 2 4 9 1 4 8 2 10 3 1 9 8 3 2 3 10 8 7 4 7 4 4 10 1 3 4 3 2 10 9 8 1 4 9 3 10 3 2 10 5 6 9 8 6 4 4 4 5 2 1 8 5 1 4 8 4 8 4 10 2 2 9 8 9 4 5 10 4 10 4 3 6 6 9 5 9 10 2 4 10 1 9 5 7 5 9 4 8 7 7 9 10 7 8 1 5 1 4 9 2 3 1 1 7 7 1 9 10 1 10 7 1 9 2 10 4 4 3 6 7 2 1 6 10 1 7 10 6 1 4 10 9 4 6 1 1 6 7 8 6 5 8 7 1 5 8 9 2 8 1 9 6 7 9 4 1 9 10 7 6 8 4 4 1 8 1 9 5 8 2 10 5 7 4 3 6 6 6 10 1 8 1 10 6 4 4 3 4 2 9 4 7 7 1 2 7 8 8 3 8 5 7 2 2 6 1 4 10 4 9 9 10 10 6 3 4 9 1 8 1 8 3 3 4 2 6 2 5 2 5 7 3 2 2 8 7 10 9 7 3 7 10 2 3 9 6 9 9 1 5 4 3 3 1 10 5 9 1 2 5 10 1 6 6 5 10 2 4 8 4 1 5 7 3 3 3 2 6 3 3 6 5 10 3 4 3 10 5 5 10 8 3 3 4 9 7 7 5 8 8 3 8 7 9 9 2 7 4 7 10 2 8 4 4 4 4 1 10 7 1 2 10 1 7 4 8 9 2 9 10 8 1 1 8 9 2 6 10 2 2 5 3 2 10 3 9 8 1 7 5 8 7 7 8 6 2 8 1 10 8 1 5 7 7 9 5 10 7 4 9 8 6 4 10 3 1 3 3 10 5 7 7 5 10 1 10 9 8 6 2 5 3 8 9 3 4 1 4 9 2 8 3 8 7 4 6 2 6 8 4 1 4 3 5 4 10 6 10 2 7 5 9 10 2 2 7 8 5 7 8 5 7 3 6 10 10 10 10 4 2 8 1 2 8 6 9 10 3 10 10 9 9 6 5 3 9 7 8 9 8 4 3 2 7 8 5 3 2 4 9 5 7 4 8 4 5 9 4 8 10 2 7 3 10 4 8 5 3 4 9 2 7 5 10 6 7 1 6 1 5 8 8 4 9 5 3 6 2 7 7 8 3 1 2 3 1 1 2 5 1 9 5 9 9 5 6 8 10 4 9 1 2 4 3 4 6 1 10 8 5 1 2 3 1 10 5 4 3 4 5 7 10 9 8 10 9 3 9 10 3 9 9 8 6 5 9 9 2 5 9 1 10 3 3 3 10 9 1 10 8 10 1 6 2 4 6 7 3 8 6 2 5 9 1 7 6 9 7 10 1 8 9 8 6 1 2 3 9 3 4 10 2 7 4 3 8 3 1 5 10 9 2 10 10 3 10 1 4 3 5 6 5 9 4 5 3 3 1 5 7 5 5 4 5 5 4 2 9 8 7 7 6 2 4 7 1 5 7 10 9 5 10 6 3 2 7 7 8 9 5 3 8 3 6 9 9 8 8 10 4 9 2 5 7 2 5 3 1 1 5 7 9 7 7 4 9 10 2 2 2 1 1 8 10 7 4 2 8 10 2 8 3 10 10 4 2 5 4 3 6 5 2 3 2 9 8 5 4 7 6 7 4 6 7 3 5 9 4 3 7 3 7 4 10 9 4 1 1 9 7 5 2 4 4 1 4 4 7 9 4 10 3 4 4 10 10 6 2 2 5 3 3 7 2 2 7 8 4 6 10 1 8 6 7 3 10 3 8 3 6 3 7 2 5 7 10 1 4 2 9 1 5 1 2 2 2 6 9 9 10 7 3 2 2 1 9 10 2 3 5 2 8 3 8 10 2 2 7 9 6 3 3 1 10 2 4 9 5 4 4 5 9 9 1 10 10 5 2 9 8 2 3 9 7 6 7 7 7 8 3 7 3 1 2 2 3 1 6 4 4 10 9 7 8 9 3 4 10 2 1 8 7 9 8 1 6 10 9 1 8 9 6 10 4 4 1 6 4 5 3 6 9 3 3 10 10 9 10 2 8 2 5 10 10 5 9 6 2 5 5 5 3 8 7 7 10 7 5 7 2 8 10 9 3 2 5 2 10 10 1 6 3 10 10 6 5 1 7 4 2 9 4 8 2 6 4 10 4 6 1 5 9 7 8 10 6 2 10 8 1 6 8 8 9 7 7 1 9 5 6 4 7 6 6 1 6 10 10 10 5 8 3 9 6 10 10 8 7 8 3 4 5 3 10 4 4 6 1 8 8 4 10 9 2 2 1 2 8 6 10 3 8 3 6 10 3 5 4 7 3 6 2 4 7 10 2 4 5 6 9 5 3 1 9 8 2 9 6 5 9 7 9 4 4 8 9 5 5 1 3 9 10 7 5 3 10 6 3 3 7 5 10 10 3 9 1 4 4 3 8 1 6 9 6 2 6 5 8 9 1 6 7 9 5 5 1 6 1 8 7 2 8 9 6 10 4 2 5 7 10 9 4 1 6 9 5 2 9 7 6 4 6 4 10 6 8 7 5 3 4 3 6 5 5 1 4 5 6 6 1 4 8 8 4 3 8 5 10 7 7 9 9 8 1 6 9 8 2 5 5 9 5 4 7 9 7 8 4 1 1 3 7 7 5 10 8 4 3 5 5 6 1 2 8 9 7 2 4 10 4 5 5 9 10 4 9 3 7 8 8 10 9 2 7 4 5 10 6 8 2 9 10 3 7 7 2 5 9 10 8 9 8 9 3 10 6 5 9 3 9 1 2 3 6 1 8 8 1 8 2 2 4 1 9 4 10 10 4 5 10 10 8 9 7 2 5 4 4 9 5 7 7 8 6 7 2 4 6 2 6 8 1 1 3 1 6 3 5 2 10 2 2 7 9 7 6 2 2 1 9 5 4 6 2 3 8 9 8 2 3 7 1 3 1 9 7 9 9 10 6 3 7 10 6 6 7 9 4 9 1 4 4 4 6 7 2 9 2 9 5 3 8 8 10 4 7 2 4 8 9 10 8 7 3 7 6 4 9 3 7 1 7 4 2 2 5 10 4 1 5 2 6 10 8 4 4 7 6 5 8 9 1 2 1 2 4 8 8 9 5 5 5 6 6 3 4 10 6 1 1 2 5 1 2 3 9 7 8 4 1 5 6 3 3 6 1 7 10 4 2 7 1 3 7 6 5 8 3 10 2 6 4 8 10 5 2 8 3 10 10 8 1 5 3 5 2 1 3 10 4 6 7 10 6 2 1 3 3 6 6 9 4 3 3 6 8 8 10 9 5 3 3 8 6 6 1 1 4 2 3 4 2 5 9 2 4 3 10 2 5 6 5 3 5 2 3 5 1 5 6 10 7 4 10 3 2 6 5 10 8 10 5 6 9 4 8 2 4 2 5 6 10 5 8 9 3 9 3 1 4 6 9 7 8 7 6 4 3 9 5 5 7 9 9 6 2 5 10 8 5 7 9 3 9 2 9 8 2 2 2 6 4 10 9 8 1 1 2 5 6 2 6 6 3 5 1 5 6 6 9 10 3 4 4 5 10 7 6 3 6 1 3 4 10 3 2 9 1 3 3 5 3 7 4 5 10 9 1 5 9 1 6 2 6 10 7 10 7 10 8 10 1 2 2 7 3 10 10 5 4 10 2 5 1 6 10 5 7 4 5 8 3 4 2 4 6 6 9 4 4 8 8 1 8 10 8 8 2 3 7 4 8 4 7 9 1 1 1 10 3 6 3 6 8 1 10 8 9 7 2 3 2 3 5 2 5 5 1 5 5 3 5 4 8 4 4 6 9 8 5 9 8 5 8 2 7 2 4 10 10 4 3 8 7 1 9 5 1 10 5 1 8 8 3 7 3 10 9 4 8 5 1 3 9 2 9 2 1 9 6 3 2 7 2 7 5 10 6 8 5 4 1 6 2 7 3 10 5 2 3 1 10 10 2 8 7 5 7 1 9 7 1 6 4 2 1 3 3 3 1 9 4 6 4 1 9 1 7 8 6 3 6 9 2 8 9 4 3 5 8 1 1 2 7 4 1 6 7 7 9 1 2 9 7 6 2 5 8 6 7 5 10 8 4 1 8 10 7 3 8 2 4 9 8 3 8 10 3 5 1 8 4 8 5 3 3 1 2 1 6 7 5 9 1 8 6 6 6 3 9 1 6 4 4 7 5 6 3 5 2 9 7 8 10 5 7 2 1 7 9 3 8 10 10 6 6 10 9 2 1 6 5 8 8 2 10 5 2 9 2 2 1 7 5 6 1 5 2 5 1 8 4 2 5 3 5 1 2 5 1 10 5 7 4 9 7 4 7 2 2 2 6 2 8 5 7 10 9 5 6 7 9 8 9 4 7 7 5 2 7 7 8 5 5 1 9 10 1 4 4 1 7 5 4 2 4 5 3 4 7 2 9 6 3 6 5 2 10 5 7 9 1 8 10 8 2 9 9 2 10 9 8 1 10 8 3 5 8 3 3 6 7 2 10 6 7 10 10 1 3 9 10 3 8 3 6 6 3 4 10 10 3 9 4 1 2 7 8 10 10 10 3 9 8 9 4 10 7 9 4 6 5 9 3 10 7 5 2 4 8 1 6 9 4 5 3 7 8 5 3 3 9 10 2 6 10 1 9 8 2 6 5 9 1 7 3 5 5 3 8 2 7 10 8 10 3 6 7 5 5 3 5 9 1 1 2 7 4 3 9 3 5 7 2 4 2 8 4 7 9 2 4 1 6 10 9 2 5 4 4 10 8 3 7 7 3 4 6 7 4 3 1 1 1 5 7 1 5 4 2 1 5 10 6 9 6 6 7 8 8 9 8 9 3 7 6 7 4 1 7 4 1 2 9 2 7 7 1 5 1 6 6 9 3 5 5 3 8 8 4 9 2 9 6 5 3 7 7 1 5 7 4 5 5 10 2 3 4 6 7 8 3 6 2 1 9 8 3 8 9 9 6 7 7 8 1 10 5 3 2 3 9 1 4 10 10 9 9 9 10 5 6 7 8 1 7 4 2 2 6 5 6 10 2 9 9 7 6 5 7 8 1 3 4 1 8 8 7 10 1 2 9 6 6 5 3 6 9 8 8 6 8 4 1 6 1 5 5 3 8 9 4 1 9 1 6 9 6 1 10 1 6 6 7 8 8 1 10 2 10 4 9 1 8 3 1 4 1 8 2 7 8 5 5 1 6 10 5 6 1 3 10 2 10 4 1 6 2 8 1 9 8 6 8 9 6 5 4 7 5 3 5 5 3 10 9 5 3 1 10 6 8 4 7 2 10 5 4 7 6 3 1 3 4 9 3 4 10 10 4 1 1 6 9 1 3 7 3 2 5 1 1 2 3 3 5 4 5 3 1 5 9 9 2 3 6 4 9 5 4 9 2 9 3 2 9 4 3 5 9 9 10 6 9 2 2 9 1 4 4 2 5 8 4 10 9 10 3 9 5 6 10 9 3 2 3 10 9 10 8 6 2 4 9 2 8 5 10 2 9 1 6 7 8 6 1 6 7 3 4 7 9 7 5 9 5 3 8 2 2 2 4 10 9 1 8 7 8 6 2 6 2 8 10 10 7 10 5 3 4 3 5 6 9 6 1 9 1 5 5 5 9 4 10 10 3 8 4 4 9 3 6 1 9 5 10 9 4 2 4 3 1 5 6 8 7 5 9 3 9 4 8 8 7 9 5 7 9 2 2 5 5 2 9 6 1 9 10 2 5 3 1 4 3 9 8 4 2 8 6 9 10 8 8 3 7 9 2 9 1 5 3 8 9 2 9 1 9 4 4 4 5 6 4 3 2 9 3 4 1 7 5 4 5 3 8 5 5 5 6 9 1 7 1 3 4 9 5 5 3 3 6 7 3 4 9 5 5 5 1 9 6 8 9 10 4 3 10 1 7 9 1 8 8 8 4 6 5 5 8 8 10 9 9 8 9 9 6 3 8 6 6 6 3 4 9 8 4 6 8 6 6 7 2 9 2 6 8 3 4 3 2 9 3 7 9 2 10 1 10 5 10 9 9 2 3 9 9 7 4 10 5 9 5 8 7 8 5 1 9 9 7 1 6 5 9 5 5 10 7 3 6 6 9 4 5 2 10 3 7 9 2 9 5 4 10 5 8 2 9 9 7 6 1 7 7 6 3 4 2 6 9 10 1 3 10 2 6 8 5 5 6 2 3 3 7 5 8 7 8 1 5 1 10 8 8 3 7 2 8 6 1 9 10 3 2 3 3 9 5 6 10 6 10 8 3 5 7 1 6 2 5 3 8 5 9 8 5 4 3 2 4 5 3 7 2 4 2 7 3 7 4 7 8 10 7 6 3 4 4 9 10 5 7 9 6 1 6 9 3 2 5 9 7 9 9 10 5 6 8 8 7 4 7 10 2 7 4 4 3 5 2 6 3 9 1 8 6 9 6 3 10 7 9 8 8 4 5 3 1 9 3 1 3 9 9 2 5 10 4 10 2 2 9 9 10 3 3 9 3 1 5 3 8 3 7 9 10 2 2 7 7 5 10 2 1 8 7 2 5 1 7 7 1 2 7 4 7 2 5 2 3 9 4 10 7 4 8 1 9 10 5 10 8 8 3 7 7 9 3 6 2 7 8 2 10 6 4 5 9 1 4 9 1 5 9 2 2 8 4 4 5 3 5 7 1 2 10 8 4 4 2 6 7 3 7 3 3 3 8 3 7 3 6 10 3 2 10 6 7 9 8 8 7 5 7 6 7 5 2 3 3 4 7 7 1 1 5 9 1 6 5 7 1 7 2 10 7 8 3 8 6 10 6 2 6 3 1 6 7 3 5 6 10 1 10 5 2 2 2 6 10 2 6 8 2 5 6 5 10 7 3 7 6 3 4 8 4 8 6 2 2 10 6 3 2 4 2 4 4 4 3 10 4 1 9 5 1 2 5 9 3 7 7 4 4 6 1 7 3 6 2 6 7 4 6 2 9 6 10 7 6 8 2 6 10 7 6 10 1 10 5 10 7 3 10 3 5 10 1 2 4 5 9 1 5 10 4 7 4 2 4 8 3 5 9 8 8 1 4 4 8 1 10 10 6 1 3 5 4 2 10 8 8 1 8 7 2 8 5 1 2 7 5 5 2 1 2 1 6 2 5 8 2 8 9 4 2 10 2 6 6 4 4 5 2 5 1 10 8 2 3 7 5 7 10 3 5 1 1 6 5 1 1 4 8 6 5 3 1 3 7 9 7 8 8 6 4 10 7 7 6 8 4 3 4 8 10 4 6 2 10 3 3 7 6 6 10 10 5 4 10 6 10 4 5 9 10 3 7 1 6 8 3 7 8 6 8 8 4 4 4 10 6 8 7 8 9 7 9 6 7 7 10 8 5 4 2 6 1 1 5 10 1 6 2 3 3 2 4 5 2 5 4 1 7 10 6 2 2 3 10 5 4 2 10 6 4 1 8 4 4 3 5 3 9 3 1 8 6 9 9 8 5 2 6 8 8 9 6 9 8 3 10 10 5 2 2 4 6 4 1 4 7 10 2 1 7 4 9 2 1 9 6 2 7 5 4 2 7 7 1 4 4 7 2 6 4 9 9 7 2 1 5 4 3 7 1 1 1 10 8 1 7 1 7 10 7 3 9 2 7 7 3 8 5 7 3 3 5 3 5 10 7 8 1 9 3 9 10 8 7 2 7 10 7 9 2 10 10 1 10 1 4 2 9 6 9 7 5 9 8 10 1 9 5 8 8 7 3 4 7 6 5 5 10 9 10 5 10 9 4 3 3 3 8 4 6 4 9 5 9 6 4 9 8 6 3 9 9 8 5 4 6 2 10 7 7 6 5 3 8 5 7 5 10 4 4 7 6 10 3 4 1 3 9 5 5 3 7 4 7 6 9 10 10 4 10 10 10 5 10 3 8 8 7 3 5 8 5 10 8 6 2 8 8 5 9 8 1 10 1 8 10 9 6 10 4 4 1 8 8 8 6 9 4 4 5 5 3 9 1 6 2 7 3 9 10 10 7 10 8 5 4 4 6 3 9 8 7 10 10 4 9 3 1 1 7 1 6 4 1 5 6 5 2 2 8 8 3 1 7 10 5 6 9 7 1 8 3 3 4 3 4 6 4 9 4 3 5 6 9 3 8 8 4 1 5 5 1 1 7 10 3 9 1 2 1 2 3 1 9 1 4 6 3 9 4 10 9 4 7 7 9 5 10 2 4 5 9 7 1 9 3 2 8 7 6 10 1 3 10 3 6 2 4 7 9 1 6 8 2 2 6 9 1 3 5 8 10 1 3 2 6 8 4 5 4 8 7 1 8 6 5 9 10 5 2 10 8 4 8 1 6 10 6 7 3 1 9 9 10 1 3 2 2 8 8 3 5 3 9 2 10 10 3 8 6 1 7 8 3 3 5 4 1 6 5 6 8 1 6 6 9 2 1 1 2 6 1 7 2 10 6 10 7 2 1 9 8 1 8 9 7 7 3 10 2 4 10 2 5 5 9 3 2 1 10 3 4 4 8 7 5 2 3 10 4 9 3 5 3 2 8 1 8 10 3 1 5 10 9 4 1 2 3 7 6 1 3 9 6 8 2 5 3 5 8 7 7 10 9 8 7 1 7 10 10 6 1 9 4 6 3 6 5 2 8 9 8 8 6 8 6 10 2 1 8 7 3 3 8 8 3 1 7 4 1 3 6 2 1 2 8 9 10 7 4 9 3 1 3 7 9 8 6 10 3 7 4 3 3 7 2 10 4 6 1 7 3 8 1 6 4 8 3 10 6 3 4 9 10 8 10 8 3 2 1 5 7 5 7 8 1 10 1 3 8 3 1 2 10 10 7 3 10 8 7 9 2 6 1 5 1 1 3 8 5 1 5 3 6 7 3 8 7 5 1 6 5 2 10 2 5 9 3 3 2 3 9 6 1 9 9 3 9 3 7 2 4 1 3 3 1 5 1 1 3 2 1 2 8 9 3 2 2 4 5 5 9 4 7 6 3 8 9 7 10 6 6 2 4 8 2 7 8 6 6 4 3 9 5 2 5 6 1 2 3 1 5 8 2 6 8 9 8 7 7 3 3 3 8 3 8 1 3 2 6 4 9 4 4 9 1 10 10 9 4 5 4 4 10 3 9 8 1 5 1 5 10 9 1 4 3 1 9 3 4 10 7 8 10 5 6 6 1 8 3 8 2 10 6 9 1 7 1 3 9 2 8 6 7 9 6 7 7 8 4 10 5 7 6 1 1 8 9 10 3 7 5 8 9 7 6 7 1 7 10 5 9 5 10 1 1 5 4 6 3 8 8 1 10 4 3 8 6 9 6 9 4 8 2 9 3 7 2 3 4 2 6 7 8 9 4 6 6 4 6 10 4 4 6 9 2 10 6 6 3 9 9 9 6 3 9 4 6 5 6 6 5 9 2 6 5 6 5 2 6 4 1 3 4 10 10 6 9 9 8 9 4 9 6 5 7 10 4 10 7 10 6 6 4 3 8 2 1 4 9 8 9 7 4 4 1 8 9 8 8 5 5 6 9 5 8 5 5 8 1 1 7 4 9 10 9 2 1 3 10 1 3 9 2 1 9 8 1 9 3 4 5 7 10 2 4 6 8 7 1 7 4 9 2 2 3 3 1 10 6 9 1 10 9 8 9 4 2 1 5 2 10 2 8 4 3 10 1 5 1 4 10 4 10 4 2 3 10 9 3 8 1 5 7 9 10 5 3 10 4 4 8 6 2 1 6 4 3 1 7 2 5 4 3 2 8 6 3 6 2 10 6 8 5 3 1 3 3 5 1 3 7 10 1 3 5 7 1 6 9 6 9 4 5 3 7 7 6 10 5 2 10 2 4 1 8 9 8 9 6 5 9 1 3 2 9 7 4 4 1 6 10 7 10 4 5 7 10 10 10 5 2 3 8 10 6 8 7 2 2 10 5 8 7 6 3 2 1 7 4 5 3 6 3 9 5 10 3 4 7 3 4 3 8 10 10 8 3 9 6 2 8 1 5 1 6 10 5 1 9 7 2 3 8 8 2 2 8 6 9 9 10 8 1 10 5 5 3 3 8 1 6 2 3 3 6 5 1 1 7 5 5 8 8 3 5 9 10 1 7 10 6 6 2 6 5 7 1 3 7 9 9 4 5 8 8 8 5 5 9 6 9 10 8 2 8 9 8 2 8 4 1 7 1 1 5 4 1 9 6 5 5 6 6 6 1 7 3 6 3 6 6 9 8 10 1 7 3 5 9 5 9 3 3 2 9 10 3 9 8 6 9 3 10 3 8 2 1 5 3 4 9 5 4 4 3 8 9 7 8 3 10 9 10 6 3 4 1 8 7 2 5 3 1 10 4 1 3 1 9 8 7 8 5 9 10 8 1 3 1 6 8 9 6 5 3 7 8 2 2 6 10 2 6 7 3 10 7 3 6 2 10 1 6 4 1 2 3 10 4 5 6 4 6 7 4 5 5 2 4 3 5 5 6 4 3 7 1 7 4 3 6 9 3 8 5 4 2 3 1 5 3 9 3 2 7 8 3 3 10 2 1 3 4 7 10 9 6 7 4 10 10 5 5 2 4 2 3 7 10 4 9 8 3 2 2 9 8 10 4 9 6 5 9 10 5 2 7 2 3 4 7 3 8 3 3 8 6 5 10 6 5 9 7 3 1 5 7 2 6 9 9 6 10 2 6 6 1 9 7 4 10 7 3 10 2 5 10 4 8 3 9 6 6 6 8 8 1 5 2 9 4 8 5 1 1 2 8 4 2 1 5 10 5 3 3 5 8 6 7 4 2 1 6 3 3 10 1 6 8 9 8 1 1 3 2 2 7 7 10 1 2 4 8 6 3 6 5 9 10 7 10 8 10 7 6 1 4 8 9 4 9 8 3 5 9 6 9 1 1 9 7 1 3 7 2 5 6 6 7 5 4 3 9 3 3 7 6 6 6 2 7 10 5 6 6 6 8 9 4 6 2 2 8 6 5 10 6 1 10 1 4 2 2 7 7 4 7 8 5 7 4 5 3 4 2 4 2 5 3 10 4 2 7 9 10 3 7 10 10 7 1 6 1 9 6 1 9 9 10 5 10 6 4 8 2 9 5 7 4 7 8 7 6 8 9 9 8 5 9 1 3 5 9 7 7 5 5 5 8 3 7 6 2 8 2 2 6 4 3 10 4 3 8 9 8 2 2 1 2 8 5 5 2 6 8 1 10 10 6 3 5 5 6 7 3 2 4 5 2 2 5 8 9 10 1 6 7 3 2 6 7 10 3 1 3 8 8 8 6 4 1 9 2 9 6 3 3 8 1 5 8 6 8 1 3 10 1 6 10 8 8 1 4 3 8 2 1 8 7 2 8 2 1 1 8 1 4 2 10 9 4 1 3 6 9 7 10 9 1 3 3 5 5 7 10 2 6 7 10 1 9 1 7 5 7 4 2 9 3 5 7 1 3 10 9 8 5 1 7 4 4 9 1 5 8 6 3 7 9 6 1 8 4 9 2 9 7 9 2 8 10 5 7 9 10 9 2 2 1 2 9 4 2 2 6 6 5 5 1 9 1 9 8 2 9 5 6 2 5 7 8 10 4 5 5 7 10 8 9 3 9 4 8 6 8 1 4 10 9 5 2 9 10 5 3 5 6 1 2 2 2 10 2 3 6 10 10 10 6 5 1 9 2 7 6 4 7 10 6 3 8 2 6 7 2 5 3 2 2 10 7 6 1 7 3 8 4 9 4 2 3 2 5 3 5 4 1 7 2 9 7 9 4 10 10 10 1 1 3 10 2 7 3 7 10 7 1 3 2 2 3 3 7 2 7 8 2 5 8 4 2 1 9 5 4 8 5 1 10 8 10 2 2 3 7 8 1 9 5 4 3 10 4 10 10 4 7 5 1 2 9 3 4 5 3 6 7 2 5 2 10 8 9 10 7 2 9 5 9 10 6 10 4 9 10 7 6 8 7 4 8 7 6 9 4 6 9 7 8 8 1 5 5 2 2 7 8 2 9 2 2 4 5 1 9 7 10 9 3 5 4 5 5 10 10 1 10 8 7 9 9 10 7 5 5 1 7 3 3 5 9 1 3 10 3 2 6 7 8 4 1 8 10 5 7 10 3 10 10 2 1 5 5 4 2 8 1 8 3 7 8 1 6 6 4 10 2 4 2 2 8 9 2 9 8 2 1 5 9 8 6 7 6 6 1 8 7 8 1 1 7 9 10 4 5 6 1 1 2 7 7 9 1 5 2 9 6 9 1 4 10 10 10 5 4 4 5 5 9 4 5 2 4 3 7 8 5 6 9 5 6 7 10 10 10 7 4 8 8 3 10 7 5 8 5 6 2 9 6 10 5 6 7 8 1 6 6 9 5 1 3 5 7 7 6 9 6 1 6 8 9 3 9 2 8 3 9 8 9 2 6 10 1 10 5 10 10 5 4 8 10 7 3 10 4 6 3 4 8 4 2 2 9 7 5 9 8 7 4 8 1 1 1 7 2 1 6 10 10 7 3 7 3 2 2 4 10 4 10 10 10 8 5 1 10 10 1 5 10 6 1 2 2 10 3 8 3 5 6 3 2 10 5 4 1 4 6 8 7 8 7 8 9 7 5 4 7 3 7 2 5 7 10 6 6 3 3 9 4 6 6 8 3 3 7 3 7 8 2 9 10 4 1 3 5 10 7 3 2 4 1 3 9 10 10 1 1 8 1 2 1 5 7 4 3 10 9 10 7 2 9 7 3 5 4 10 8 7 4 2 3 8 1 2 6 3 7 10 7 1 1 8 10 9 10 1 10 1 4 4 7 2 3 7 2 1 2 2 7 5 6 4 4 7 1 9 10 8 7 5 6 6 4 2 6 6 1 3 10 5 2 8 7 6 4 3 6 3 7 7 6 8 2 1 1 10 3 6 8 10 7 2 4 2 3 8 7 6 10 3 9 4 3 8 6 5 4 4 3 1 4 6 9 1 3 10 2 2 6 4 8 9 4 7 8 10 3 3 7 7 4 8 6 10 3 1 1 6 2 9 7 8 7 10 1 3 2 6 8 10 10 9 3 6 1 3 3 8 5 5 7 2 10 6 5 2 6 1 6 1 2 3 5 3 6 9 5 6 3 6 9 7 1 2 3 6 5 8 8 5 7 4 7 10 9 1 9 7 3 1 5 6 10 4 4 7 10 3 10 6 10 8 8 10 8 3 10 1 9 8 8 2 3 6 6 3 3 7 6 9 3 6 8 9 5 8 7 8 8 10 8 8 7 6 3 9 8 10 1 9 7 1 8 8 6 10 1 1 6 7 3 1 9 3 10 9 3 2 3 5 5 3 2 7 10 1 8 8 9 1 10 4 4 5 10 1 2 9 9 2 8 8 2 6 10 10 1 4 9 2 4 4 9 3 4 6 5 5 3 7 1 1 6 9 4 9 5 10 3 10 10 1 7 3 9 2 4 3 1 8 7 3 4 9 6 2 6 2 1 5 9 6 9 8 3 1 5 6 1 9 7 10 9 10 2 6 4 2 8 5 9 7 7 8 3 8 6 4 1 8 5 4 7 1 6 7 10 2 6 2 4 5 9 1 10 2 9 6 3 2 5 6 5 4 3 9 2 4 3 1 8 7 9 10 6 1 7 8 3 4 8 3 6 8 6 10 7 6 6 1 3 4 4 4 4 3 8 4 4 3 8 3 1 2 10 5 7 7 8 6 2 10 1 6 9 3 3 10 2 1 9 8 6 3 1 10 6 4 7 6 1 6 2 8 4 1 8 9 3 6 5 8 10 3 4 7 2 1 6 9 2 4 10 1 8 9 10 8 7 4 3 4 8 10 7 1 6 9 7 4 2 8 1 4 7 4 6 5 5 8 1 9 9 10 9 10 9 3 9 10 3 9 9 5 7 3 9 1 8 5 5 6 8 2 1 4 4 6 3 1 7 9 2 4 10 7 4 4 3 5 5 4 10 2 2 7 4 9 7 1 9 10 5 9 2 2 2 1 5 7 4 10 10 4 8 9 8 5 2 1 4 2 2 2 7 6 4 10 10 8 9 4 6 4 2 1 7 4 7 2 10 1 7 9 5 4 8 9 1 1 7 1 7 2 6 4 7 4 3 4 8 10 5 5 4 3 4 4 5 6 4 8 10 5 8 2 3 6 5 1 4 7 6 5 3 1 3 7 7 4 1 10 8 1 2 4 5 4 10 5 3 4 7 3 5 3 4 7 3 1 8 10 8 9 4 2 4 7 7 4 6 5 7 4 7 8 9 7 9 2 8 6 3 2 10 4 1 5 1 10 4 9 5 6 9 5 8 10 1 9 9 8 6 7 10 4 5 9 3 2 1 10 2 3 10 10 8 3 8 8 4 9 3 6 1 1 1 9 9 3 1 1 7 2 2 2 8 4 2 7 2 10 6 9 3 4 10 10 1 9 1 3 7 4 9 2 1 3 4 1 8 2 2 9 9 6 6 2 6 6 8 7 4 8 8 8 5 3 7 9 1 1 6 2 3 10 4 2 1 4 1 7 2 10 3



1
219 2 593
9 5 7 8 8 8 9 3 2 3 2 9 9 10 2 9 2 4 1 6 5 7 4 8 9 4 1 6 1 6 5 1 1 8 3 9 3 4 8 7 9 1 10 4 2 10 4 7 5 4 6 8 8 4 5 6 5 9 6 5 10 9 1 2 6 8 5 8 4 3 4 10 9 5 7 10 1 1 10 2 7 1 10 7 10 6 10 6 4 1 3 6 5 4 8 6 6 2 1 7 8 6 2 1 1 7 4 10 5 8 1 10 4 10 2 8 9 3 8 7 4 5 1 2 10 4 8 1 7 5 3 10 3 2 7 2 9 8 7 6 4 5 3 2 1 3 1 9 8 5 10 6 7 1 10 4 7 5 10 7 6 10 6 7 2 8 2 2 10 8 8 9 5 7 9 5 5 2 2 6 2 6 5 10 1 5 6 6 8 6 3 9 3 1 2 7 5 8 10 8 1 8 10 6 2 10 10 2 8 1 1 6 3 2 10 10 9 4 2


3
11 2 4
3 1 1 2 2 5 2 1 1 2 2
6 2 3
3 1 1 1 1 2
6 2 3
1 1 3 4 1 1

1
3000 2 928
1 1 2 2 2 2 1 2 1 1 2 2 1 2 1 2 2 1 1 2 1 2 2 1 2 1 2 2 2 1 1 2 1 1 1 1 2 2 1 1 1 1 1 1 2 2 1 2 2 1 2 2 2 2 2 2 1 1 2 2 2 2 1 2 1 1 2 1 2 1 2 2 2 1 1 2 1 2 1 2 1 2 2 1 2 1 2 2 2 2 1 2 1 2 1 1 1 2 2 2 1 2 1 1 2 2 1 1 1 2 1 1 2 2 1 2 2 2 1 1 1 2 2 2 2 1 2 2 2 1 2 2 1 2 2 1 1 1 1 2 1 2 2 1 2 2 1 1 1 1 2 1 1 1 1 2 2 2 2 1 2 2 2 1 1 2 1 1 2 1 1 2 1 2 2 1 2 1 2 2 1 1 1 2 1 1 1 2 1 2 1 1 2 2 2 2 2 2 1 1 1 2 2 1 2 1 2 1 1 1 1 1 2 1 2 1 2 2 1 2 1 2 2 1 2 1 1 2 2 1 2 2 2 2 1 2 2 2 1 2 1 1 2 2 2 1 2 1 2 1 1 2 1 1 1 2 2 1 2 1 1 2 2 2 2 2 1 2 1 1 1 2 1 2 1 2 2 1 2 1 1 1 2 1 1 2 1 2 1 1 2 1 1 1 2 2 2 1 2 2 1 2 2 1 2 1 1 1 2 1 2 1 2 2 2 2 2 2 2 1 2 1 1 1 2 2 2 1 1 1 2 2 2 1 2 1 2 2 1 2 1 1 1 2 2 1 2 2 2 1 1 1 1 1 1 2 2 2 2 1 1 1 2 2 1 1 2 1 1 1 1 1 1 2 1 1 1 2 2 1 1 2 1 1 1 2 1 1 2 2 2 1 1 2 1 2 1 2 1 2 2 1 1 2 1 2 2 1 2 1 1 2 2 1 2 1 1 2 1 1 1 1 1 2 1 2 1 2 2 2 2 2 1 1 2 2 1 2 1 2 2 1 2 2 1 2 1 1 2 2 1 1 1 1 2 2 1 1 1 2 2 2 2 1 1 1 1 2 2 2 2 2 1 2 2 1 1 1 2 2 1 2 2 1 2 2 2 1 2 2 1 2 2 1 2 1 1 1 2 2 1 1 2 1 2 2 2 2 2 2 1 1 1 2 2 1 1 2 1 1 1 1 2 1 2 2 2 1 2 2 2 2 2 2 2 1 1 1 2 2 1 1 1 2 1 1 2 2 1 2 1 1 2 2 2 2 1 1 2 2 2 1 2 1 2 2 1 1 2 2 2 1 2 1 1 2 2 2 2 1 1 2 1 2 2 1 2 1 2 2 2 1 1 1 1 1 1 1 2 2 1 2 1 1 2 1 1 2 1 1 2 1 2 2 2 2 1 1 2 1 2 1 1 1 1 1 1 1 2 1 2 2 1 2 2 2 2 1 2 2 1 2 1 2 1 2 1 1 2 2 1 1 1 1 2 1 2 2 2 2 1 2 2 1 2 1 2 1 1 1 2 1 2 1 1 2 1 2 2 2 2 2 1 2 1 1 1 1 1 2 2 1 1 1 2 1 1 1 2 2 1 1 2 2 2 1 2 1 2 1 1 1 2 1 1 1 2 1 2 2 1 2 1 2 2 2 1 2 1 2 1 2 2 2 2 2 1 2 1 2 1 1 2 2 2 2 2 2 2 2 1 2 2 1 1 1 2 2 2 2 2 1 1 1 1 2 2 2 1 2 1 2 1 1 2 2 1 2 1 1 1 1 2 2 1 2 1 1 1 2 1 2 2 1 2 2 2 1 2 2 2 2 2 1 1 2 2 2 1 2 1 1 1 1 1 2 1 2 2 2 2 2 2 1 1 2 1 1 2 1 1 2 2 2 1 2 2 2 1 1 1 2 2 1 2 1 2 1 2 1 1 2 1 1 2 1 2 1 2 2 1 2 1 2 2 1 1 1 1 2 2 1 2 2 2 1 2 2 1 2 1 2 2 1 2 2 1 1 2 2 1 1 2 1 2 2 1 2 2 1 2 1 1 1 2 1 1 1 1 1 1 1 2 1 1 1 2 2 1 2 2 1 1 2 2 2 1 2 1 2 1 1 1 1 1 1 2 1 1 2 2 2 2 2 1 1 2 2 2 1 1 1 1 1 1 1 2 2 2 2 2 1 2 2 1 1 1 1 2 2 2 2 1 2 1 2 1 1 2 2 2 1 1 1 1 2 1 1 1 1 1 1 1 1 1 1 1 2 2 2 2 2 2 1 2 1 2 1 1 2 2 2 1 1 1 2 2 2 2 2 2 1 1 1 2 2 2 2 2 1 2 2 1 2 2 1 2 1 2 1 2 2 1 2 1 2 2 1 2 1 2 2 2 2 2 2 2 2 1 2 1 1 1 2 1 2 1 1 1 1 1 2 2 1 2 1 2 1 2 2 2 2 1 2 2 1 2 1 1 2 2 1 2 1 1 1 1 2 1 2 1 2 2 1 2 1 2 1 1 1 2 2 2 2 2 1 2 1 1 2 2 1 1 1 2 1 2 1 2 2 2 1 2 1 2 1 2 2 1 2 1 1 1 1 1 1 2 1 1 2 1 1 2 2 2 2 1 1 1 1 2 2 1 1 1 2 1 1 2 1 1 2 1 2 2 2 1 1 2 2 2 2 1 2 1 2 1 2 1 2 2 1 1 1 1 2 1 2 2 2 1 2 2 1 2 1 2 1 2 2 1 2 2 2 1 1 1 2 2 1 2 1 2 2 2 1 1 2 2 1 2 1 2 2 2 2 1 2 1 1 1 2 2 1 1 2 1 2 2 2 1 1 2 2 2 1 2 1 1 1 1 1 2 2 2 2 1 2 2 1 1 2 2 2 1 2 1 1 1 2 2 2 1 2 2 2 1 1 1 2 1 1 1 1 2 2 1 2 1 1 1 2 2 2 2 1 2 1 2 2 1 1 2 1 2 1 1 2 1 1 2 2 2 1 2 1 1 1 1 1 1 1 2 2 1 1 1 1 2 2 2 1 1 2 1 2 2 2 2 1 1 2 2 1 1 1 2 2 2 2 1 1 2 2 1 1 1 1 2 1 1 1 1 2 1 1 1 1 1 2 2 2 1 1 2 2 2 2 2 2 1 1 2 1 2 1 2 1 1 1 2 1 2 2 2 1 2 1 1 2 2 1 2 2 2 2 2 1 2 1 1 2 2 1 1 1 2 1 1 1 1 1 1 2 2 2 1 2 1 1 2 1 1 1 2 2 1 1 2 2 1 2 2 2 1 2 2 2 1 2 1 1 2 1 2 2 2 1 2 1 1 2 2 2 1 1 1 1 2 1 2 1 1 1 2 1 2 2 1 1 2 1 2 1 2 2 1 1 2 2 1 2 2 1 1 2 2 1 1 2 2 1 1 1 1 1 2 2 1 2 1 1 1 2 1 2 2 2 1 1 1 1 2 2 1 2 1 1 1 2 1 1 2 1 1 2 2 2 2 1 2 2 2 2 2 2 2 1 1 1 2 1 2 1 1 2 2 1 2 1 1 2 2 2 1 2 1 2 1 1 1 1 1 2 2 1 1 2 1 2 2 1 2 1 1 2 2 1 2 2 1 2 2 1 2 2 2 1 1 1 2 2 2 2 1 2 2 1 1 1 2 1 2 2 2 2 1 2 2 1 1 1 2 2 2 1 1 2 1 2 2 1 1 1 1 1 2 1 1 1 2 1 2 1 1 1 1 2 2 1 1 1 2 2 1 1 2 2 2 2 1 2 2 1 1 2 1 1 1 2 2 1 1 1 2 2 2 2 2 1 1 2 1 1 1 2 2 1 2 1 1 2 2 2 1 2 2 2 2 2 1 1 1 1 1 1 1 1 2 1 1 2 1 2 1 1 2 1 1 2 1 1 1 1 2 2 2 2 1 2 2 2 1 1 1 1 2 2 1 1 1 2 1 2 2 1 1 2 1 1 1 1 1 1 2 2 2 2 1 1 1 2 2 2 2 2 2 2 2 1 1 1 1 2 2 2 1 2 2 1 2 2 1 2 1 1 1 2 1 1 2 2 2 2 2 2 1 2 1 1 1 1 2 1 2 1 2 2 2 1 1 2 1 1 2 2 1 1 1 1 1 1 2 1 1 1 2 2 1 1 1 1 2 1 2 1 1 1 2 1 2 2 1 2 2 2 2 2 1 1 1 2 2 2 1 2 2 1 2 2 1 1 1 2 2 2 2 2 1 2 1 2 1 2 2 1 2 2 2 2 2 2 1 1 1 1 1 1 1 1 1 2 2 2 1 1 1 2 1 1 2 1 2 1 1 1 1 1 1 2 1 2 2 2 2 1 2 1 2 1 1 2 1 1 1 2 2 2 2 2 1 2 2 2 2 1 2 2 1 2 2 2 2 2 1 2 1 1 2 1 2 2 2 2 1 1 2 1 1 2 2 2 1 2 1 1 1 1 2 2 1 2 1 1 2 1 2 1 2 1 1 2 2 1 2 1 1 2 1 2 1 1 1 1 2 1 1 2 1 2 1 1 2 2 2 2 2 1 1 2 1 2 1 1 1 2 1 2 2 1 1 1 1 2 2 2 1 1 1 1 1 1 1 2 2 2 1 2 1 1 1 1 2 1 2 1 2 1 2 2 1 1 1 1 2 1 1 2 2 2 1 1 2 2 2 2 2 2 1 1 1 2 1 2 1 2 1 2 1 1 1 2 1 1 1 2 2 2 1 2 1 2 1 1 1 1 1 1 1 1 1 2 1 2 1 2 2 1 1 2 1 2 2 2 1 2 2 1 2 1 2 1 1 2 2 1 2 1 2 2 2 1 1 2 1 1 2 1 2 1 1 1 2 2 1 2 1 2 1 1 2 2 2 2 1 2 1 1 2 2 1 1 2 1 2 2 2 1 1 2 1 1 2 1 2 2 2 1 1 2 2 2 1 2 1 1 1 1 1 2 1 2 1 1 2 1 2 1 2 1 2 1 2 1 1 1 2 2 1 1 1 1 2 2 1 1 2 1 2 1 2 1 2 1 2 2 2 1 2 1 1 2 1 2 2 2 2 2 2 1 2 1 1 1 1 2 1 2 1 1 1 2 2 1 1 1 2 2 1 2 2 1 2 1 1 1 1 1 1 1 2 2 2 1 1 2 1 2 1 1 1 2 2 1 1 2 1 2 2 2 2 1 1 1 2 2 1 1 2 2 2 2 1 1 2 1 1 2 2 1 1 2 2 2 1 1 1 1 1 1 1 2 2 2 2 2 2 2 1 1 2 1 2 2 1 2 1 2 1 2 1 1 2 2 1 2 1 1 2 2 1 2 1 2 2 1 1 1 1 1 2 2 1 1 2 1 1 1 1 1 2 1 1 2 2 2 1 2 1 2 1 2 1 1 2 1 2 2 1 2 2 1 2 2 2 2 1 1 1 2 2 2 1 1 1 1 2 1 1 2 2 2 1 1 2 2 2 1 2 1 2 2 1 2 2 2 1 1 2 2 1 2 2 1 1 2 2 2 1 2 2 2 2 2 2 2 2 1 1 1 2 2 2 1 1 1 2 1 2 2 2 2 2 2 2 1 1 2 2 1 1 2 2 2 1 2 1 2 2 1 1 2 2 1 1 1 2 2 1 2 2 2 1 1 2 1 1 2 1 1 1 2 1 2 1 2 2 2 1 2 1 1 1 2 2 2 2 1 2 2 1 2 1 2 1 1 1 1 2 1 2 1 1 1 2 2 2 1 1 2 1 2 1 2 2 2 2 2 1 2 1 1 2 2 1 1 1 1 1 1 1 2 2 1 2 2 1 2 2 1 1 1 1 2 2 1 1 2 1 1 2 1 1 1 2 1 1 1 2 1 2 1 1 1 2 1 1 1 1 1 2 2 1 2 1 1 1 2 2 2 1 1 2 2 1 2 1 2 2 1 1 1 2 2 1 1 1 2 2 1 1 1 1 2 2 1 1 2 1 1 2 1 2 2 2 1 1 2 1 2 2 2 1 2 2 1 2 1 2 1 2 1 1 2 2 2 1 1 1 2 2 1 2 1 2 1 1 1 1 1 2 2 1 1 1 1 1 1 1 1 2 1 2 1 1 2 2 1 2 1 1 1 2 2 1 1 1 1 2 1 1 2 2 2 2 1 2 2 1 2 1 1 1 2 1 1 1 2 2 1 1 1 1 1 1 2 1 1 2 1 1 1 1 1 1 2 1 2 2 1 1 1 1 2 2 1 1 2 2 2 2 2 1 1 1 2 1 2 1 2 2 2 2 1 1 2 2 2 1 1 1 1 2 1 1 2 2 2 2 2 1 2 2 1 2 1 1 1 1 2 1 1 1 2 2 2 1 2 2 1 2 1 2 2 2 1 1 1 1 2 1 2 2 2 1 1 2 1 2 1 1 2 2 1 2 1 2 2 1 1 2 2 1 1 1 1 1 2 2 1 2 2 1 2 2 2 2 1 1 1 1 1 1 2 2 1 1 1 1 1 1 1 2 2 2 1 1 1 1 1 1 2 1 2 1 2 1 2 2 1 2 1 2 2 1 2 2 2 1 2 1 1 1 1 1 1 1 2 1 2 1 2 2 1 1 1 1 1 1 2 1 2 2 1 2 2 2 2 1 1 2 2 1 1 2 2 2 2 1 2 1 2 2 1 2 1 1 1 2 2 2 2 2 2 2 1 2 2 2 2 1 1 2 1 2 2 2 1 2 2 1 1 1 2 2 1 2 2 1 2 1 1 1 1 1 2 1 1 2 2

219 2 3553
17 84 36 47 88 59 57 11 70 47 33 89 22 47 62 47 50 20 31 4 45 62 68 57 63 11 58 75 50 19 68 35 25 49 38 65 74 63 49 77 27 29 39 50 56 69 21 51 46 77 96 30 73 55 9 25 87 45 59 82 86 11 1 23 13 80 92 57 94 83 78 98 18 97 4 95 28 56 27 10 92 75 9 57 96 75 74 46 90 16 19 100 52 89 23 81 24 42 7 22 91 30 88 63 11 25 68 80 16 2 25 49 24 74 67 69 75 43 89 70 98 37 82 24 56 79 15 73 26 71 39 4 41 24 62 38 30 59 58 9 14 24 49 82 12 76 66 81 1 30 67 79 60 23 92 29 64 85 57 75 19 34 67 57 31 70 19 10 50 6 51 87 41 63 55 87 18 9 99 87 98 5 85 96 49 23 75 76 9 41 93 41 68 26 48 51 19 19 12 6 32 37 27 72 15 48 85 93 47 18 75 72 30 87 94 13 63 98 91
6 2 3
3 1 1 1 1 2
6 2 3
1 1 3 4 1 1
8 3 2
3 1 1 2 5 2 1 1
