2
3 0 5
4
12
7
3 0 5
4
11
7


1
20 611 979
909546363
541910928
695134292
72070946
715614281
644636362
334594015
69056585
771245031
155608667
87125464
843401129
271658140
668128857
854570803
599055424
425204341
134035565
342736581
943495411
20 434 995
846489750
550056305
987465990
168779510
921407210
552983795
316869185
79228320
366386065
746857990
439980660
866643865
768015125
600976145
966088545
417952440
893382270
458002130
35746335
876817380
20 725 998
719382584
22686228
425849172
449533400
961488848
771360312
473714996
14841036
619413302
697044144
891666208
393688998
191022400
990214408
766625216
393572540
511753662
385893872
381706602
604104344


2
3 0 5
4
12
7
3 0 5
4
11
7
